function [include,includeMultClust] = includePts

include = [4,6,7,8,9,12,14,15,16,17,18,19,20,22,24,25,27,30,31];
includeMultClust = [4,6,8,9,12,15,17,18,19,20,22,24,25,27,30,31];

end